Танк_31 15 7 10 5 20 3 3 3 3
Танк_32 15 7 10 5 20 3 3 3 3
Танк_33 15 7 10 5 20 3 3 3 3
Танк_34 15 7 10 5 20 3 3 3 3
Танк_35 15 7 10 5 20 3 3 3 3
Танк_36 15 7 10 5 20 3 3 3 3
Линия_подачи_31-36 15 7 10 5 20 3 3 3 3
Линия_6 15 7 10 5 20 3 3 3 3
Линия_подачи_3.1 15 7 10 5 20 3 3 3 3
Линия_подачи_3.2 15 7 10 5 20 3 3 3 3
Танк_УХМ_1 15 7 10 5 20 3 3 3 3
Танк_УХМ_2 15 7 10 5 20 3 3 3 3
Танк_УХМ_3 15 7 10 5 20 3 3 3 3
Танк_УХМ_4 15 7 10 5 20 3 3 3 3
Танк_УХМ_5 15 7 10 5 20 3 3 3 3
Танк_УХМ_6 15 7 10 5 20 3 3 3 3
Танк_УХМ_7 15 7 10 5 20 3 3 3 3
Танк_УХМ_8 15 7 10 5 20 3 3 3 3
Танк_УХМ_9 15 7 10 5 20 3 3 3 3
Танк_ПУ_1 15 7 10 5 20 3 3 3 3
Линия_сырого_молока 15 7 10 5 20 3 3 3 3
Линия_УХМ 15 7 10 5 20 3 3 3 3
Линия_подработки 15 7 10 5 20 3 3 3 3
Танк_21 7 10 5 20 3 3 3 3
Танк_22 15 7 10 5 20 3 3 3 3
Танк_23 15 7 10 5 20 3 3 3 3
Танк_24 15 7 10 5 20 3 3 3 3
Танк_25 15 7 10 5 20 3 3 3 3
Танк_26 15 7 10 5 20 3 3 3 3
Танк_27 15 7 10 5 20 3 3 3 3
Танк_28 15 7 10 5 20 3 3 3 3
Танк_29 15 7 10 5 20 3 3 3 3
Танк_30 15 7 10 5 20 3 3 3 3
Линия_подачи_21-30 15 7 10 5 20 3 3 3 3
Линия_подачи_38-39 15 7 10 5 20 3 3 3 3
Линия_подачи_йогурта 15 7 10 5 20 3 3 3 3
Линия_14.1 15 7 10 5 20 3 3 3 3
Линия_14.2 15 7 10 5 20 3 3 3 3
Линия13.1 15 7 10 5 20 3 3 3 3
Лния13.2 15 7 10 5 20 3 3 3 3
Скнима 15 7 10 5 20 3 3 3 3
Линия_ЗО-ПСУ 15 7 10 5 20 3 3 3 3
Танк_11 15 7 10 5 20 3 3 3 3
Танк_12 15 7 10 5 20 3 3 3 3
Танк_13 15 7 10 5 20 3 3 3 3
Танк_14 15 7 10 5 20 3 3 3 3
Танк_15 15 7 10 5 20 3 3 3 3
Танк_16 15 7 10 5 20 3 3 3 3
Танк_17 15 7 10 5 20 3 3 3 3
Танк_18 15 7 10 5 20 3 3 3 3
Танк_19 15 7 10 5 20 3 3 3 3
Танк_20 15 7 10 5 20 3 3 3 3
Линия_подачи_11-20 15 7 10 5 20 3 3 3 3
Линия_5.1 15 7 10 5 20 3 3 3 3
Линия_4.1 15 7 10 5 20 3 3 3 3
Линия_1.1 15 7 10 5 20 3 3 3 3
Топка_мсла 15 7 10 5 20 3 3 3 3
Топка_жира 15 7 10 5 20 3 3 3 3
Линия_масла 15 7 10 5 20 3 3 3 3
Линия_жира 15 7 10 5 20 3 3 3 3
Линия1.2 15 7 10 5 20 3 3 3 3
Линия4.2 15 7 10 5 20 3 3 3 3
Линия_5.2 15 7 10 5 20 3 3 3 3
Линия_ополосков 15 7 10 5 20 3 3 3 3
Танк_1 15 7 10 5 20:55 3 3 3 3
Танк_2 15 7 10 5 20 3 3 3 3
Танк_3 15 7 10 5 20 3 3 3 3
Танк_4 15 7 10 5 20 3 3 3 3
Танк_5 15 7 10 5 20 3 3 3 3
Танк_6 15 7 10 5 20 3 3 3 3
Танк_7 15 7 10 5 20 3 3 3 3
Танк_8 15 7 10 5 20 3 3 3 3
Танк_9 15 7 10 5 20 3 3 3 3
Танк_10 15 7 10 5 20 3 3 3 3
Линия_подачи_1-10 15 7 10 5 20 3 3 3 3
Линия_11.1 15 7 10 5 20 3 3 3 3
Линия_11.2 15 7 10 5 20 3 3 3 3
Линия_12.1 15 7 10 5 20 3 3 3 3
Линия_12.2 15 7 10 5 20 3 3 3 3
Линия_10 15 7 10 5 20 3 3 3 3
Линия_подачи_42-43 15 7 10 5 20 3 3 3 3
Линия_подачи_39-41 15 7 10 5 20 3 3 3 3
Танк_39 15 7 10 5 20 3 3 3 3
Танк_40 15 7 10 5 20 3 3 3 3
Танк_41 15 7 10 5 20 3 3 3 3
Танк_42 15 7 10 5 20 3 3 3 3
Танк_43 15 7 10 5 20 3 3 3 3
Танк_Заготовки_1 15 7 10 5 20 3 3 3 3
Танк_Заготовки_2 15 7 10 5 20 3 3 3 3
Танк_Заготовки_3 15 7 10 5 20 3 3 3 3
Танк_Заготовки_4 15 7 10 5 20 3 3 3 3
Масляный_буфер 15 7 10 5 20 3 3 3 3
Жировой_буфер 15 7 10 5 20 3 3 3 3